a=8.45999%
b=1.20686%
c=1.77955%
d=4.78524%
e=13.1782%
f=1.82269%
g=2.17144%
h=7.03928%
i=5.61399%
j=0.0624082%
k=1.0692%
l=4.02258%
m=2.29993%
n=6.76579%
o=7.9754%
p=1.15272%
q=0.0780103%
r=6.77129%
s=6.0692%
t=9.3181%
u=2.83223%
v=0.883811%
w=2.47614%
x=0.215675%
y=1.93649%
z=0.0137665%

e=13.1782
t=9.3181
a=8.45999
o=7.9754
h=7.03928
r=6.77129
n=6.76579
s=6.0692
i=5.61399
d=4.78524
l=4.02258
u=2.83223
w=2.47614
m=2.29993
g=2.17144
y=1.93649
f=1.82269
c=1.77955
b=1.20686
p=1.15272
k=1.0692
v=0.883811
x=0.215675
q=0.0780103
j=0.0624082
z=0.0137665
